   3.4216590e+01
   3.4216590e+01
   6.3940092e+01
   6.8087558e+01
   8.4677419e+01
   9.6428571e+01
   6.8778802e+01
   1.7384793e+02
   1.6624424e+02
   2.3122120e+02
   2.4504608e+02
   2.0011521e+02
   2.3744240e+02
   1.6900922e+02
   1.7039171e+02
   2.0426267e+02
   2.0426267e+02
   2.3052995e+02
   2.3882488e+02
   2.8029954e+02
   7.7073733e+01
   7.8456221e+01
   1.3029954e+02
   1.2822581e+02
   2.7324561e+02
   2.6008772e+02
   2.5482456e+02
   2.1184211e+02
   2.3464912e+02
   2.5657895e+02
   2.7587719e+02
   2.5482456e+02
   2.3728070e+02
   1.9429825e+02
   2.1622807e+02
   2.5394737e+02
   1.4868421e+02
   1.4868421e+02
   5.6578947e+01
   5.5701754e+01
   1.3640351e+02
   1.3815789e+02
   1.0394737e+02
   1.1710526e+02
   8.2894737e+01
   6.0964912e+01
   5.8333333e+01
   8.6403509e+01
   1.0000000e+00
   1.0000000e+00
   1.0000000e+00
   1.0000000e+00
   1.0000000e+00
   1.0000000e+00
   3.0000000e+00
   1.0000000e+00
   1.0000000e+00
   1.0000000e+00
   1.0000000e+00
   3.0000000e+00
   1.0000000e+00
   1.0000000e+00
   1.0000000e+00
   1.0000000e+00
   1.0000000e+00
   1.0000000e+00
   1.0000000e+00
   3.0000000e+00
   1.0000000e+00
   1.0000000e+00
   1.0000000e+00
   3.0000000e+00
   3.0000000e+01   7.0000000e+01
   1.3000000e+02   4.0000000e+01
   2.3000000e+02   2.0000000e+01
   1.3000000e+02   2.7000000e+02
   4.0000000e+01   1.6000000e+02
   1.8000000e+02   2.1000000e+02
   5.0000000e+01   2.3000000e+02
   2.0000000e+01   2.3000000e+02
   8.0000000e+01   1.3000000e+02
   7.0000000e+01   5.0000000e+01
   2.2000000e+02   1.2000000e+02
   2.0000000e+01   1.2000000e+02
   2.2000000e+02   1.0000000e+01
   2.2000000e+02   2.6000000e+02
   8.0000000e+01   1.2000000e+02
   9.0000000e+01   2.2000000e+02
   1.2000000e+02   1.2000000e+02
   1.2000000e+02   1.5000000e+02
