   3.0000000e+01   0.0000000e+00
   2.8977775e+01   7.7645714e+00
   2.5980762e+01   1.5000000e+01
   2.1213203e+01   2.1213203e+01
   1.5000000e+01   2.5980762e+01
   7.7645714e+00   2.8977775e+01
   1.8369702e-15   3.0000000e+01
  -7.7645714e+00   2.8977775e+01
  -1.5000000e+01   2.5980762e+01
  -2.1213203e+01   2.1213203e+01
  -2.5980762e+01   1.5000000e+01
  -2.8977775e+01   7.7645714e+00
  -3.0000000e+01   3.6739404e-15
  -2.8977775e+01  -7.7645714e+00
  -2.5980762e+01  -1.5000000e+01
  -2.1213203e+01  -2.1213203e+01
  -1.5000000e+01  -2.5980762e+01
  -7.7645714e+00  -2.8977775e+01
  -5.5109106e-15  -3.0000000e+01
   7.7645714e+00  -2.8977775e+01
   1.5000000e+01  -2.5980762e+01
   2.1213203e+01  -2.1213203e+01
   2.5980762e+01  -1.5000000e+01
   2.8977775e+01  -7.7645714e+00
