41.249588 160.11276
43.18108 159.49408
45.78047 158.13115
49.0319 156.01003
52.916416 153.11484
57.409874 149.42642
62.4785 144.91998
68.0679 139.55984
74.06515 133.28665
80.0535 126.013504
85.0629 118.94445
83.84553 116.89809
83.618805 114.98819
84.37467 113.26408
86.10235 111.77575
88.787346 110.57645
92.40948 109.726105
96.938675 109.29675
102.325096 109.38235
108.4708 110.118706
115.12382 111.71683
121.51996 114.281395
125.129166 117.95637
124.806305 120.89728
124.31454 124.823814
123.64571 129.73456
122.78656 135.62701
121.70578 142.4946
120.0 150.0
117.881775 158.41638
115.32748 167.73268
112.30473 177.93246
108.76431 188.98782
104.61738 200.83826
99.65055 213.26122
94.047806 224.91241
89.47318 225.61177
86.78447 223.97803
85.95459 221.60623
